  0   1   0   0   0  -1   0   0   0   0   0   0   0   0
  0   0   1   0   0   0   0   0   0   0   0   0   0  10
  a   0   0  -1  -a   0   0   0   0   0   0   0   0   0
  a   0   1   0   a   0   0   0   0   0   0   0   0   0
  0   0   0   1   0   0   0  -1   0   0   0   0   0   0
  0   0   0   0   0   0   1   0   0   0   0   0   0   0
  0   0   0   0   a   1   0   0  -a  -1   0   0   0   0
  0   0   0   0   a   0   1   0   a   0   0   0   0  15
  0   0   0   0   0   0   0   0   0   1   0   0  -1   0
  0   0   0   0   0   0   0   0   0   0   1   0   0  20
  0   0   0   0   0   0   0   1   a   0   0  -a   0   0
  0   0   0   0   0   0   0   0   a   0   1   a   0   0
  0   0   0   0   0   0   0   0   0   0   0   a   1   0
